
We treat 20, 0 as having min distance 0
  1  2  3  3  3  3  3  3  3  3  3  3  3  3  3  3  3  3  3  5  5  3  3  3  3  3  3  3  3  3  3  3  3  5  5  5  5  5  5  5  5  3  3  3  3  3  3  3  3  3  3  3  5  5  5  5  5  3  3  3  3  5  5  5  5  5  5  3  3  5  5  5  5  5  5  5  5  5  5  5  5  5  5  5  5  5  3  3  3  3  3  3  3  3  3  3  3  3  3  3  3  3  5  5  5  3  3  3  3  3  5  5  5  5  5  5  5  5  3  3  3  5  5  5  3  3  3  3  3  3  3  3  3  3  3  3  3  3  3  3  3  3  3  3  3  3  3  3  3  3  3  3  3  3  3  3  3  3  3  3  3  3  3  3  3  3  3  3  3  3  3  3  3  3  5  5  5  5  5
  1  2  3  3  3  3  3  3  3  3  3  3  3  3  3  3  3  3  5  5  5  3  5  5  3  3  3  3  3  3  3  3  3  3  3  5  5  5  5  3  3  3  3  3  3  3  3  3  3  3  3  3  5  5  5  5  5  5  3  3  3  5  5  5  5  5  5  3  3  5  5  5  5  5  5  5  5  5  5  5  5  5  5  5  5  5  5  5  5  3  3  3  3  3  3  3  3  3  5  5  5  3  5  5  5  3  3  3  3  3  5  5  5  5  5  5  5  5  5  3  3  5  5  5  5  3  3  3  3  3  3  3  3  3  3  3  3  3  3  3  3  3  3  3  3  3  3  3  3  3  3  3  3  3  3  3  3  3  3  3  3  3  3  3  3  3  3  3  3  3  3  3  3  5  5  5  5  5  5
  1  2  3  3  3  3  3  3  3  3  3  3  3  3  3  3  3  3  3  5  5  5  5  5  3  3  3  3  3  3  3  3  3  3  3  5  5  5  5  5  3  3  3  3  3  3  3  3  3  3  3  3  5  5  5  5  5  5  3  3  3  3  5  5  5  5  3  3  3  5  5  5  5  3  3  3  5  5  5  5  5  5  5  5  5  5  5  5  5  3  3  3  3  3  3  3  3  3  5  5  5  5  5  5  5  5  5  5  3  3  3  5  5  5  5  5  5  5  5  3  3  5  5  5  5  3  3  3  3  3  3  3  3  3  3  3  3  3  3  3  3  3  3  3  3  3  3  3  3  3  3  3  3  3  3  3  3  3  3  5  5  5  3  3  3  3  3  3  3  3  3  3  3  5  5  5  5  5  5
  1  2  3  3  3  3  3  3  3  3  3  3  3  3  3  3  3  5  5  5  5  5  5  3  3  3  3  3  3  3  3  3  3  3  5  5  5  3  5  5  3  3  5  5  3  3  3  3  3  3  3  3  5  5  5  5  5  5  3  3  3  3  5  5  5  5  3  3  3  5  5  5  3  3  3  3  5  5  5  5  5  5  5  5  5  5  5  5  5  3  3  3  3  3  3  3  3  3  3  5  5  5  5  5  5  5  5  5  3  3  5  5  5  5  5  5  3  3  3  3  3  5  5  5  3  3  3  3  3  3  3  3  3  3  3  3  3  3  3  3  3  3  3  3  3  3  3  3  3  3  3  3  3  3  3  3  3  3  3  5  5  5  3  3  3  3  3  3  3  3  3  3  3  3  3  3  5  5  5
  1  2  3  3  3  3  3  3  3  3  3  3  3  3  3  3  3  5  5  5  5  5  5  5  5  3  3  3  3  3  3  3  3  3  5  5  3  3  3  5  3  5  5  5  3  5  5  3  3  3  3  3  3  3  5  5  3  3  3  3  3  3  5  3  3  5  3  3  3  3  3  3  3  3  5  5  5  5  5  5  5  5  5  5  5  5  3  3  3  3  3  3  3  3  3  3  3  3  3  3  5  5  5  5  5  5  5  3  3  3  5  5  5  5  5  5  5  3  3  3  3  3  3  3  3  3  3  3  3  3  5  5  3  3  3  3  3  3  3  3  3  3  3  3  3  3  3  3  3  3  3  3  3  3  3  3  3  3  3  5  5  5  3  3  3  3  3  3  3  3  3  3  3  3  3  3  5  5  5
  1  2  3  3  3  3  3  3  3  3  3  3  3  3  3  3  3  5  5  7  5  5  5  5  5  3  3  3  3  3  3  3  3  3  3  3  3  3  3  3  3  3  5  5  5  5  5  3  3  3  3  3  3  3  3  3  3  3  3  3  3  3  3  3  3  3  3  3  3  3  3  3  3  3  5  5  5  5  5  5  5  5  5  5  5  5  3  3  3  3  3  3  3  3  3  3  3  3  3  3  5  5  5  5  5  5  3  3  3  3  5  5  3  3  5  5  5  3  3  3  3  3  3  3  3  3  3  3  5  5  5  5  5  5  3  3  3  3  3  3  3  3  3  3  3  3  3  3  3  3  3  3  3  3  3  3  3  3  3  3  4  3  3  3  3  3  3  3  3  3  3  3  3  3  3  3  3  5  5
  1  2  3  3  3  3  3  3  3  3  3  3  3  5  5  5  3  3  3  5  5  5  3  5  3  3  3  3  3  3  3  3  3  3  5  5  5  3  3  3  5  5  5  5  5  5  3  3  3  3  3  3  3  3  3  3  3  3  3  3  3  3  3  3  3  3  3  3  3  3  3  3  3  3  5  5  5  7  7  7  5  5  5  5  5  5  3  5  5  5  5  3  3  3  3  3  3  3  3  5  5  5  5  5  5  5  3  3  3  3  3  3  3  3  5  5  5  3  3  3  3  3  3  3  3  3  3  3  5  5  5  5  5  5  3  3  3  3  3  3  3  3  3  3  3  3  3  3  3  3  3 12 12 12 12 12 12  3  3  3  4  4  4  4  4  3  3  3  3  3  3  3  3  3  3  3  3  3  3
  1  2  3  3  3  3  3  3  3  5  3  3  3  5  5  3  3  3  3  5  5  3  3  3  3  3  3  3  3  3  3  3  3  3  5  5  5  3  3  3  5  5  5  5  5  5  5  5  3  3  3  3  3  3  3  3  3  3  3  3  3  3  3  3  3  5  5  3  3  3  3  3  3  3  3  5  7  7  7  5  5  5  5  3  3  3  3  5  5  5  5  3  3  3  3  3  3  3  3  5  5  5  3  5  5  5  3  3  3  3  3  3  3  3  3  3  3  3  3  3  3  3  3  3  3  3  3  3  5  5  5  5  5  5  3  3  3  3  3  3  3  3  3  3  3  3  3  3  3  3 12 12 12 12 12 12 12 12 12  4  4  4  4  4  4  4  4  4  4  4  3  3  5  5  3  3  3  3  3
  1  2  3  3  3  3  3  3  5  5  5  5  5  5  5  5  3  3  3  3  3  3  3  3  3  3  3  3  3  3  3  5  5  5  5  5  5  5  5  3  5  5  7  5  5  5  5  5  3  3  3  3  3  3  3  3  3  3  3  3  3  3  3  3  3  5  5  5  3  3  3  3  3  3  3  5  5  5  7  5  5  3  3  3  3  3  3  5  5  5  5  3  3  3  3  3  3  3  3  3  3  3  3  3  5  5  3  3  3  3  3  3  3  3  3  3  3  3  3  3  3  3  3  3  3  3  3  3  5  5  5  5  5  3  3  3  3  3  3  3  3  3  3  3  3  3  3  3  3  3 12 12 12 12 12 12 12 12 12 12  4  4  4  4  4  4  4  4  4  5  5  5  5  5  3  3  3  3  3
  1  2  3  3  3  3  3  3  3  5  5  5  5  5  5  5  5  3  3  3  3  3  3  3  3  5  5  5  3  3  3  5  5  5  5  5  5  5  5  3  3  3  5  5  5  3  3  3  3  3  3  3  3  3  3  3  3  3  3  3  3  3  5  5  5  5  5  5  5  5  3  3  3  3  3  3  5  5  5  5  5  3  3  3  3  3  3  3  5  5  3  3  3  3  3  3  3  3  3  3  3  3  3  3  3  3  3  3  3  3  3  3  3  3  3  3  3  3  3  3  3  3  3  3  3  3  3  3  3  5  5  5  5  3  3  3  3  5  5  5  3  3  3  3  3  3  3  3  3 11 12 12 16 16 16 16 16 12 12 12 13 13 13 13 13 13 13  4  5  5  5  5  5  5  3  3  3  3  3
  1  2  3  3  3  3  3  3  3  5  5  5  5  5  5  5  5  5  3  3  3  3  3  5  5  5  5  5  5  3  3  3  3  5  5  5  5  5  3  3  3  3  5  5  3  3  3  3  3  3  3  3  3  3  3  3  3  3  3  3  3  3  5  5  5  5  5  5  5  5  3  3  3  3  3  3  5  5  5  5  5  5  5  3  3  3  3  3  3  3  3  3  3  3  3  3  3  3  3  3  3  3  3  3  3  3  3  3  3  3  3  3  3  3  3  3  3  3  3  3  3  3  3  3  3  3  3  3  3  3  3  3  3  3  3  3  5  5  5  5  3  3  3  3  3  3  3  3 11 11 12 16 16 16 16 16 16 16 16 12 13 13 13 13 13 13 13 13 13  5  5  5  5  5  3  3  3  3  3
  1  2  3  3  3  3  3  3  3  5  5  5  5  5  5  5  5  5  3  3  3  3  3  5  5  5  5  5  5  3  3  3  5  5  5  5  5  5  3  3  3  3  3  3  3  3  5  5  3  3  3  3  3  3  3  3  3  3  3  3  3  3  3  5  5  5  5  5  5  3  3  3  3  3  3  5  5  5  5  5  5  5  5  3  3  3  3  3  3  3  3  3  3  3  3  3  3  3  3  3  3  3  3  3  3  3  3  3  3  3  3  3  3  3  3  3  3  3  3  3  3  3  3  3  3  3  3  3  3  3  3  3  3  3  3  3  5  5  5  5  3  3  3  3  3  3  3  3 11 11 11 16 16 16 16 16 16 16 16 17 13 13 13 13 13 13 13 13 13 13  5  5  5  5  5  3  3  3  3
  1  2  3  3  3  3  3  3  3  5  5  5  5  5  5  5  5  3  3  3  3  3  3  5  5  5  5  5  5  3  3  3  5  5  5  5  5  5  3  3  3  3  3  3  5  3  5  5  5  5  3  3  3  3  3  3  3  3  3  3  3  3  3  5  5  5  5  5  5  3  3  3  3  3  3  5  5  5  5  5  5  5  5  3  3  3  3  3  3  3  3  5  5  5  5  3  3  3  3  3  3  3  3  5  5  5  3  3  3  3  3  3  3  3  3  3  3  3  3  3  3  3  3  3  3  3  3  3  3  3  3  3  3  3  3  3  3  5  5  5  3  3  3  3  3  3  3  3 11 11 11 16 16 16 21 21 21 16 16 17 17 17 17 17 17 17 17 13 13 13  5  5  5  5  5  3  3  3  3
  1  2  3  3  3  3  3  3  5  5  5  5  5  5  5  3  3  3  3  3  3  3  3  5  5  5  5  5  3  3  3  3  5  3  3  5  5  5  3  3  3  3  3  3  5  5  5  5  5  5  3  3  3  3  3  5  3  3  3  3  3  3  3  5  5  5  5  5  5  3  3  3  3  3  3  5  5  5  5  5  5  7  5  5  5  3  3  3  3  3  3  5  5  5  5  3  3  3  3  3  3  3  3  5  5  5  5  3  3  3  3  3  3  3  3  3  3  3  3  3  3  3  3  3  3  3  3  3  3  3  3  3  3  3  3  3  3  3  3  3  3  3  3  3  3  3  3 11 11 11 16 16 16 21 21 21 21 21 21 17 17 17 17 17 17 17 17 17 14 14 14  5  5  5  3  3  3  3  3
  1  2  3  3  3  3  3  3  3  5  3  3  5  5  5  3  3  3  3  3  3  3  3  5  5  5  5  5  3  3  3  3  3  3  3  3  3  3  3  3  3  3  3  3  3  5  5  5  5  3  3  3  5  5  5  5  3  3  3  3  3  3  3  5  5  3  5  5  5  3  3  3  3  3  3  3  3  3  5  5  5  7  5  5  5  5  5  3  3  3  3  5  5  5  5  3  3  3  3  3  3  3  3  5  5  5  5  3  3  3  3  3  3  3  3  3  3  3  3  3  3  3  3  3  3  3  3  3  3  3  3  3  3  3  3  3  3  3  3  3  3  3  3  3  3  3 11 11 11 11 16 16 16 21 21 21 21 21 21 21 17 22 22 22 22 17 17 17 14 14 14  5  5  5  3  3  3  3  3
  1  2  3  3  3  3  3  3  3  3  3  3  3  5  5  5  3  5  5  3  3  3  3  3  3  3  3  3  3  3  3  3  3  3  3  3  3  3  3  3  3  3  3  3  3  5  5  5  5  3  3  3  5  5  5  5  5  5  3  3  3  3  3  3  3  3  3  3  3  3  3  3  3  3  3  3  3  3  3  3  3  5  5  5  5  5  5  3  3  3  3  5  5  5  3  3  3  3  3  3  3  3  3  5  5  5  3  3  3  3  3  3  3  3  3  3  3  3  3  3  3  3  3  3  3  3  3  3  3  3  3  3  3  3  3  3  3  3  3  3  3  3  3  3  3 11 11 11 11 18 18 16 21 21 21 24 24 24 21 22 22 22 22 22 22 22 17 17 14 14 14  5  5  5  3  3  3  3  3
  1  2  3  3  3  3  3  3  3  3  3  3  3  3  3  3  3  5  5  3  5  5  5  3  3  3  3  3  3  3  3  3  3  3  3  3  3  3  3  3  3  3  3  3  3  5  5  3  5  5  3  3  3  5  5  5  5  5  3  3  3  3  3  3  3  3  3  3  3  3  3  3  3  3  3  3  3  3  3  3  3  5  5  5  5  5  5  3  3  3  3  3  3  3  3  3  3  3  3  3  3  3  3  3  3  3  3  3  3  3  3  3  3  3  3  3  3  3  3  3  3  3  3  3  3  3  3  3  3  3  3  3  3  3  3  3  3  3  3  3  3  3  3  3 11 11 11 11 18 18 18 18 21 21 24 24 24 24 21 22 22 22 22 22 22 22 17 17 14 14 14  5  5  5  3  3  3  3  3
  1  2  3  3  3  3  3  3  3  3  3  3  3  3  3  3  3  5  5  5  5  5  3  3  3  3  3  3  3  3  3  3  3  3  3  3  3  3  3  3  3  3  3  3  3  3  3  3  3  5  3  3  5  5  5  5  5  3  3  3  3  3  5  5  3  3  3  3  3  3  3  3  3  3  3  3  3  3  3  3  3  3  5  5  5  5  5  3  3  3  3  3  3  3  3  3  3  3  3  3  3  3  3  5  5  5  3  3  3  3  3  3  3  3  3  3  3  3  3  3  5  5  5  3  3  3  3  3  3  3  3  3  3  3  3  3  3  3  3  3  3  3  3 11 11 11 11 18 18 18 18 21 21 21 24 24 24 24 25 25 25 25 25 22 22 22 17 17 14 14 14  5  5  3  3  3  3  3  3
  1  2  3  3  3  3  3  3  3  3  3  3  3  3  3  5  5  5  5  5  5  3  3  3  3  3  3  3  3  3  3  3  5  5  3  5  5  3  3  3  3  3  3  3  3  3  3  3  5  5  5  5  5  5  5  5  5  3  3  3  5  3  5  5  5  5  3  5  5  3  3  5  5  3  3  3  3  3  3  3  3  5  5  5  7  5  5  3  3  3  3  3  3  3  3  3  3  5  5  3  3  3  3  5  5  5  5  5  5  3  3  3  5  5  3  5  5  3  3  3  5  5  5  3  5  3  3  3  3  3  3  3  3  3  3  3  3  3  3  3  3  3 10 10 11 11 18 18 18 18 21 21 21 21 21 24 24 24 25 25 25 25 25 22 22 19 18 17 14 14  7  6  6  3  3  3  3  3  3
  1  2  3  3  3  3  3  3  3  3  3  3  3  3  3  5  5  5  5  5  5  5  5  3  3  3  5  5  5  3  3  3  5  5  5  5  5  3  3  3  3  3  3  5  5  3  3  3  5  5  5  5  5  5  5  5  5  3  3  3  5  5  5  5  5  5  3  5  5  5  5  5  5  3  3  3  3  3  3  3  3  5  5  5  7  5  5  5  3  3  3  3  3  3  3  5  5  5  5  5  5  3  5  5  5  5  5  5  5  3  3  3  5  5  5  5  5  3  5  5  5  5  5  5  5  5  3  3  3  3  3  3  3  3  3  3  3  3  3  3  3  3 10 10 10 18 18 18 20 20 20 21 21 24 24 24 24 24 25 25 25 25 25 22 22 18 18 14 14 14  6  6  6  3  3  3  3  3  3
  0  2  3  3  3  3  3  3  3  3  3  3  3  3  3  3  3  3  5  5  5  5  5  3  3  3  5  5  5  5  3  3  5  5  5  5  5  5  3  3  3  3  5  5  5  5  5  5  7  5  5  5  5  5  5  5  5  5  3  3  3  5  5  5  5  3  3  3  5  5  5  5  5  3  3  3  3  3  3  3  3  5  5  5  5  5  5  5  3  3  3  3  3  3  3  5  5  5  5  5  5  5  5  5  5  5  5  5  5  3  3  5  5  5  5  5  3  3  5  5  5  5  5  5  5  5  3  3  3  3  3  3  3  3  3  3  3  3  3  3  3  3 10 10 10 18 18 18 20 20 20 24 24 24 27 26 26 26 26 25 25 25 22 22 18 18 18 14 14 14  6  6  6  3  3  3  3  3  3
  1  2  3  3  3  3  3  3  3  3  3  3  5  5  5  3  3  5  5  3  3  5  5  3  3  3  5  5  5  5  3  3  5  5  5  5  5  5  3  3  3  3  3  5  5  5  5  5  7  5  5  5  5  5  5  5  5  5  3  3  3  5  5  5  5  3  3  5  5  5  5  5  5  3  3  3  3  3  3  3  3  3  5  5  5  5  5  5  3  3  3  3  3  3  3  3  5  5  5  5  3  5  5  5  5  5  5  5  3  3  3  5  5  5  5  5  5  3  3  5  5  5  5  5  5  3  3  3  3  3  3  3  3  3  3  3  3  3  3  3  3  3 10 10 10 18 18 18 20 20 20 24 24 24 24 24 25 25 25 25 25 25 22 22 18 18 18 14 14 14  6  6  6  3  3  3  3  3  3
  1  2  3  3  3  3  3  3  3  3  3  5  5  5  5  3  3  5  5  3  3  3  3  3  3  3  5  5  5  3  3  3  5  5  5  5  5  5  3  3  3  5  5  5  5  5  5  5  5  5  5  5  5  5  5  5  5  5  3  3  3  5  5  3  5  3  5  5  5  5  5  5  5  5  3  3  3  3  3  5  5  5  5  5  5  5  5  3  3  3  3  3  3  3  3  3  5  5  5  5  3  3  3  5  5  5  5  5  5  3  3  3  3  5  5  5  5  3  3  3  5  5  5  5  5  3  3  3  3  3  3  3  3  3  3  3  3  3  3  3  3  3 10 10 10 18 18 18 20 20 20 24 24 24 24 24 25 25 25 25 25 25 25 23 22 18 18 14 14 14  6  6  6  3  3  3  3  3  3
  1  2  3  3  3  3  3  3  3  3  3  5  5  5  5  3  3  3  3  3  3  3  3  3  3  3  3  3  3  3  3  3  3  3  5  5  5  3  3  3  3  5  5  5  5  5  5  5  5  5  5  5  5  5  5  5  5  5  5  3  3  3  3  3  3  3  5  5  5  5  5  5  5  5  3  3  3  3  3  5  5  5  5  5  5  5  5  5  3  3  3  3  3  3  3  3  5  3  3  5  3  3  3  5  5  5  5  5  5  3  3  3  3  5  3  3  3  3  3  5  5  5  5  5  5  3  3  3  3  3  3  3  3  3  3  3  3  3  3  3  3  3 10 10 10 18 18 18 18 20 20 20 20 24 24 24 25 25 25 25 25 25 25 23 23 18 18 18 15 15 15  6  6  3  3  3  3  3  3
  1  2  3  3  3  3  3  3  3  3  3  3  5  5  5  3  3  3  3  3  3  3  3  3  3  3  3  3  3  3  3  3  3  3  3  3  3  3  3  3  3  5  5  5  5  5  5  5  5  5  3  3  5  5  5  5  5  5  5  3  3  3  3  3  3  3  3  3  3  5  5  3  3  3  3  3  3  3  3  5  5  5  5  5  5  5  5  5  5  3  3  3  3  3  3  3  3  3  3  3  3  3  3  5  5  3  3  3  3  3  3  3  3  3  3  3  3  3  3  3  5  5  3  3  3  3  3  3  3  3  3  3  3  3  3  3  3  3  3  3  3  3 10 10 10 10 17 17 17 17 20 20 20 20 24 24 25 25 23 23 23 23 23 23 23 23 18 18 15 15 15  6  6  6  3  3  3  3  3
  1  2  3  3  3  3  3  3  3  3  3  3  3  3  3  3  3  3  3  3  3  3  3  3  3  3  3  3  3  3  3  3  3  3  3  3  3  3  3  3  3  3  3  5  5  5  3  5  3  3  3  3  3  5  5  5  5  3  3  3  3  3  3  3  3  3  3  3  3  5  5  3  3  3  3  3  3  3  3  3  3  3  5  5  5  3  5  5  5  3  3  3  3  3  3  3  3  3  3  3  3  3  3  3  3  3  3  3  3  3  3  3  3  3  3  3  3  3  5  5  5  3  3  3  3  3  3  3  3  3  3  3  3  3  3  3  3  3  3  3  5  5  7 10 10 10 10 17 17 17 17 17 20 20 23 23 23 23 23 23 23 23 23 23 23 18 18 18 15 15 15  6  6  6  3  3  3  3  3
  1  2  3  3  3  3  3  3  3  3  3  3  3  3  3  3  3  3  3  3  3  3  3  3  3  3  3  3  3  3  3  3  3  3  3  3  3  3  3  3  3  3  3  5  5  3  3  3  3  3  3  3  3  3  3  5  5  3  3  3  3  3  3  3  3  3  3  3  3  3  3  3  3  3  3  3  3  3  3  3  3  3  5  5  5  3  3  3  3  3  3  3  3  3  3  3  3  3  3  3  3  3  3  3  3  3  3  3  3  3  3  3  3  3  3  3  3  3  5  5  5  3  3  3  3  3  3  3  3  3  3  3  3  3  3  3  3  3  5  5  5  5  5  5 10 10 10 10 17 17 17 17 20 20 23 23 23 23 23 23 19 19 23 23 18 18 18 18 15 15 15  6  6  6  3  3  3  3  3
  1  2  3  3  3  3  3  5  5  5  5  3  3  3  3  3  3  3  3  3  3  3  3  3  3  5  5  3  5  5  3  3  3  3  3  3  3  3  3  3  3  3  3  3  3  3  3  3  3  3  3  3  3  3  3  3  3  3  3  3  3  3  3  3  3  3  3  3  3  3  3  3  3  3  3  3  3  3  3  3  3  3  5  5  3  3  3  3  3  3  3  3  3  3  3  3  3  3  3  3  3  3  3  3  3  3  3  3  3  3  3  3  3  3  3  5  5  5  5  5  5  5  5  3  3  5  5  5  5  3  3  3  3  3  3  3  3  3  5  5  5  5  5  5  3 10 10 10  9 17 17 17 20 20 20 23 23 23 23 19 19 19 19 19 18 18 18 18 15 15 15  6  6  6  3  3  3  3  3
  1  2  3  3  3  3  5  5  5  5  5  3  3  3  3  3  3  3  3  3  3  3  3  3  3  5  5  5  5  5  3  3  3  3  3  3  3  3  3  3  3  3  3  3  3  3  3  3  3  3  3  3  3  3  3  3  3  3  3  3  3  3  3  3  3  3  3  3  3  3  3  3  3  3  3  3  3  3  3  3  3  3  3  3  3  3  3  3  3  3  3  3  3  3  3  3  3  3  3  3  3  3  3  3  3  3  3  3  3  3  3  3  3  3  3  5  5  5  5  5  5  5  5  3  3  5  5  5  5  5  3  3  3  3  3  3  3  3  3  5  5  5  5  5  3  3  9  9  9  9 17 17 20 20 19 23 23 23 19 19 19 19 19 19 18 18 18 15 15 15 15  7  6  6  3  3  3  3  3
  1  2  3  3  3  3  5  5  5  5  5  5  3  3  3  3  3  3  3  3  3  3  3  3  3  5  5  5  5  5  5  3  3  3  5  5  5  3  3  3  3  3  3  3  3  3  3  3  3  3  3  3  3  3  3  3  3  3  3  3  3  3  3  3  3  3  3  3  3  3  3  3  3  3  3  3  3  3  3  3  3  3  3  3  3  3  3  3  3  3  3  3  3  3  3  3  3  3  3  3  3  3  3  3  3  3  3  3  3  3  3  3  3  3  3  3  3  5  5  5  5  5  3  3  5  5  5  5  5  5  3  3  3  3  3  3  3  3  5  5  5  5  5  3  3  3  3  9  9  9 17 17 17 19 19 19 19 19 19 19 16 16 16 15 15 15 15 15 15 15  7  7  7  5  3  3  3  3  3
  1  2  3  3  3  3  5  5  5  5  5  5  3  3  3  3  3  3  3  3  5  5  3  3  3  5  5  5  5  5  5  3  3  3  3  5  5  3  3  3  3  3  3  3  3  3  3  3  3  3  3  3  3  3  3  3  3  3  3  3  3  3  3  3  3  3  3  3  3  3  5  5  5  5  3  3  3  3  3  3  3  3  3  3  3  3  3  3  3  3  3  3  3  3  3  3  3  3  3  3  3  3  3  3  3  3  3  3  3  3  3  3  3  3  3  3  5  5  5  5  5  5  3  3  5  5  5  5  5  5  3  3  3  3  3  3  3  3  5  5  5  5  5  3  3  3  3  3  9  9  9 17 17 19 19 19 19 19 19 16 16 16 16 16 15 15 15 15 15  7  7  7  7  5  5  3  3  3  3
  1  2  3  3  3  3  5  5  5  5  5  3  3  3  3  3  3  5  5  5  5  5  3  3  3  5  5  5  5  5  5  3  5  5  3  5  5  5  5  5  3  3  3  3  3  3  3  3  3  3  3  3  3  3  3  3  3  3  3  3  5  5  3  3  3  3  3  3  3  5  5  5  5  5  3  3  3  3  3  3  3  3  3  3  3  5  5  5  3  3  3  3  3  3  3  3  3  3  3  3  3  3  3  3  3  3  3  3  3  3  3  3  3  3  3  3  5  5  5  5  5  5  3  3  3  5  5  5  5  5  3  3  3  3  3  3  3  3  3  5  3  3  3  3  3  3  3  3  9  9  9 17 17 17 16 19 19 19 16 16 16 16 16  7  7  7  7  7  7  7  7  7  5  5  5  3  3  3  3
  1  2  3  3  3  3  3  3  5  5  5  3  3  3  3  3  3  3  5  5  5  5  5  3  3  3  3  5  5  5  3  3  5  5  5  5  5  5  5  5  3  3  3  3  3  3  3  5  5  3  3  3  3  3  3  3  5  5  3  3  5  5  3  3  3  3  3  3  3  5  5  5  5  5  5  3  3  3  3  3  3  3  3  3  5  5  5  5  3  3  3  3  3  3  3  3  3  3  3  5  5  5  5  3  3  3  3  3  3  3  3  3  3  3  3  5  5  3  3  5  5  5  3  3  3  5  5  5  3  3  3  3  3  5  5  5  3  5  5  5  3  3  3  3  3  3  3  3  3  9  9 17 17 16 16 16 16 16 16 16  8  8  8  7  7  7  7  7  7  7  7  5  5  5  5  3  3  3  3
  1  2  3  3  3  3  3  3  3  3  3  3  3  3  3  3  3  3  5  5  5  5  5  3  3  3  3  3  3  3  3  3  3  5  5  5  5  5  3  3  3  3  3  3  3  3  5  5  5  3  5  5  3  3  3  3  5  5  5  5  5  5  3  3  3  3  3  3  3  5  5  5  5  5  5  5  3  3  3  3  3  3  3  3  5  5  5  5  3  3  3  3  3  3  3  3  3  3  3  5  5  5  5  3  3  3  3  3  3  3  3  3  5  5  5  5  5  5  3  3  3  3  3  3  3  3  3  3  3  3  3  3  3  5  5  5  5  5  5  5  3  3  3  3  3  3  3  3  3  9  9  9 16 16 16 16 16 16 16  8  8  8  8  7  7  7  7  7  7  3  5  5  5  3  3  3  3  3  3
  1  2  3  3  3  3  3  3  3  3  3  3  3  3  3  3  3  5  5  5  5  5  3  3  3  3  3  3  3  3  3  3  3  3  5  5  5  5  5  3  3  3  3  3  3  3  3  5  5  5  5  5  3  3  3  3  3  5  5  5  5  5  5  5  3  3  3  3  3  5  5  5  5  5  7  5  5  5  3  3  3  3  3  3  3  5  5  5  3  3  3  3  3  3  3  3  3  3  3  5  5  5  5  3  3  3  3  3  3  3  3  3  5  5  5  5  5  3  3  3  3  3  3  3  3  3  3  3  3  3  3  3  3  3  5  5  5  5  5  5  3  3  3  3  3  3  3  3  3  3  9  9  9  9 16 16 16  8  8  8  8  8  8  3  3  3  3  3  3  3  5  5  5  3  3  3  3  3  3
  1  2  3  3  3  3  3  3  3  3  3  3  3  3  3  3  3  3  3  5  5  5  3  3  3  3  3  3  3  3  3  3  3  5  5  5  3  5  5  3  3  3  3  3  3  5  5  5  5  5  5  3  3  3  3  3  3  5  5  5  5  5  5  5  3  3  3  5  5  7  7  5  5  5  7  5  5  5  5  3  3  5  5  5  3  3  3  3  3  3  3  3  3  3  3  3  3  3  3  3  5  5  5  3  3  3  3  3  3  3  3  3  5  5  5  5  5  5  5  3  3  3  3  3  3  3  3  3  3  3  3  3  3  3  5  5  5  5  5  5  5  5  3  3  3  3  3  3  3  3  9  9  9  8  8  8  8  8  8  8  8  5  5  5  3  3  3  3  3  3  3  3  3  3  3  3  3  3  3
  1  2  3  3  3  3  3  3  3  3  3  3  3  3  3  3  3  3  3  3  3  3  3  3  3  3  3  3  3  3  3  3  3  3  5  5  3  3  3  3  3  3  3  3  3  5  5  5  5  5  5  5  5  3  3  3  5  5  5  5  5  5  3  3  5  5  5  5  5  5  7  7  7  7  7  5  5  5  5  3  5  5  5  5  5  3  3  3  3  3  3  3  3  3  3  3  3  3  3  3  3  3  3  3  3  3  3  3  3  3  3  5  5  5  5  5  5  5  5  3  3  3  3  3  3  3  3  3  3  3  3  3  3  5  5  5  5  5  5  5  5  5  3  3  3  3  3  3  3  3  3  9  9  8  8  8  8  8  8  3  5  5  5  5  3  3  3  3  3  3  3  3  3  3  3  3  3  3  5
  1  2  3  3  3  3  3  3  3  3  3  3  3  3  3  3  3  3  3  3  3  3  3  3  3  3  3  3  3  3  3  3  3  3  3  3  5  5  3  3  3  3  3  3  3  5  5  3  5  5  5  5  5  3  3  3  5  5  5  5  5  5  3  3  5  5  5  5  5  7  7  7  7  7  7  7  5  5  5  5  5  5  5  5  3  3  3  3  3  3  3  3  3  3  3  3  3  3  3  3  3  3  3  3  3  3  3  3  3  3  3  5  5  5  5  5  5  5  5  3  3  3  3  3  3  3  3  3  5  5  5  3  5  5  5  5  5  5  5  5  5  5  3  3  3  3  3  3  3  3  3  3  3  3  8  8  8  5  3  3  3  3  5  5  3  3  3  3  3  3  3  3  3  3  3  3  3  3  5
  1  2  3  3  3  3  3  3  3  3  3  3  3  3  3  3  3  3  3  3  3  3  3  3  3  3  3  3  3  3  3  3  3  3  3  3  5  5  5  5  5  5  3  3  3  3  3  3  5  5  3  3  3  3  3  3  3  3  3  3  5  5  3  3  5  5  5  5  5  5  5  7  7  7  7  7  5  5  5  5  5  5  5  3  3  3  3  3  3  3  3  3  3  3  3  3  3  3  3  3  3  3  3  3  3  3  3  5  5  5  3  3  5  3  5  5  5  3  3  3  3  3  3  3  3  3  3  3  5  5  5  5  5  5  5  7  5  5  5  7  5  5  5  5  5  5  3  3  3  3  3  3  3  3  3  5  5  5  3  3  3  3  3  3  3  3  3  3  3  3  3  3  3  5  5  5  5  5  5
  1  2  3  3  3  3  3  3  3  3  3  3  3  3  3  3  3  3  3  3  3  3  3  3  3  3  3  3  3  3  3  3  3  3  3  3  5  5  5  5  5  3  3  3  3  3  3  5  5  3  3  3  3  3  3  3  3  3  3  3  3  3  3  5  5  5  5  5  5  5  5  7  5  5  5  5  5  5  5  5  5  5  3  3  3  3  3  3  3  3  3  3  3  3  3  3  3  3  3  3  3  3  3  3  3  3  5  5  5  5  5  5  3  3  5  5  5  3  3  3  3  3  3  3  3  3  3  3  3  5  5  5  5  5  5  7  5  5  5  7  5  5  5  5  5  5  3  3  3  3  3  3  3  3  3  5  5  5  3  3  3  3  3  3  3  3  3  3  3  3  3  3  3  3  5  5  5  5  5
  1  2  3  3  3  3  3  3  3  3  3  3  3  3  3  3  3  3  3  3  3  3  3  3  3  3  3  3  3  3  3  3  3  3  5  5  5  5  5  5  5  5  3  3  3  3  3  3  3  3  3  3  3  3  3  3  3  3  3  3  3  3  3  5  5  5  5  5  5  5  5  7  5  5  5  5  5  5  5  5  5  5  5  5  5  3  3  3  3  3  3  3  3  3  3  3  3  3  3  3  3  3  3  3  3  3  5  5  5  5  5  5  3  3  3  3  3  3  3  3  3  3  3  3  3  3  3  5  5  5  5  5  5  5  5  5  5  5  5  5  5  5  5  5  5  3  3  3  3  3  3  3  3  3  3  3  3  3  3  3  3  3  3  3  3  3  3  3  3  3  3  3  3  3  5  5  5  5  5
Answer: 27
